[ 0.94566889  0.94618145  0.94618145  0.946694    0.946694    0.94720656
  0.94720656  0.94771912  0.94771912  0.94823168  0.94874423  0.94925679
  0.94925679  0.94976935  0.94976935  0.95028191  0.95079446  0.95130702
  0.95181958  0.95233214  0.9528447   0.9528447   0.95335725  0.95335725
  0.95386981  0.95438237  0.95438237  0.95489493  0.95489493  0.95540748
  0.95540748  0.95592004  0.95592004  0.9564326   0.9564326   0.95694516
  0.95745771  0.95797027  0.95797027  0.95848283  0.95848283  0.95899539
  0.95899539  0.95950794  0.95950794  0.95950794  0.9600205   0.9600205
  0.9600205   0.96053306  0.96053306  0.96053306  0.96104562  0.96104562
  0.96104562  0.96155818  0.96155818  0.96155818  0.96207073  0.96207073
  0.96258329  0.96258329  0.96258329  0.96309585  0.96309585  0.96309585
  0.96360841  0.96360841  0.96360841  0.96412096  0.96463352  0.96514608
  0.96565864  0.96617119  0.96668375  0.96719631  0.96719631  0.96770887
  0.96770887  0.96822142  0.96822142  0.96873398  0.96873398  0.96924654
  0.9697591   0.97027166  0.97078421  0.97129677  0.97180933  0.97232189
  0.97232189  0.97232189  0.97283444  0.97283444  0.97283444  0.97283444
  0.97283444  0.97283444  0.97283444  0.97283444  0.973347    0.973347
  0.973347    0.973347    0.973347    0.97437212  0.97437212  0.97437212
  0.97437212  0.97437212  0.97437212  0.97437212  0.97437212  0.97437212
  0.97437212  0.97488467  0.97488467  0.97488467  0.97539723  0.97590979
  0.97590979  0.97642235  0.97642235  0.97693491  0.97693491  0.97744746
  0.97744746  0.97796002  0.97796002  0.97847258  0.97847258  0.97898514
  0.97949769  0.98001025  0.98001025  0.98052281  0.98052281  0.98103537
  0.98103537  0.98154792  0.98154792  0.98206048  0.98257304  0.9830856
  0.98359815  0.98359815  0.98411071  0.98411071  0.98462327  0.98462327
  0.98513583  0.98513583  0.98564839  0.98564839  0.98616094  0.9866735
  0.9866735   0.98718606  0.98718606  0.98769862  0.98769862  0.98821117
  0.98821117  0.98872373  0.98872373  0.98923629  0.98974885  0.9902614
  0.99077396  0.99128652  0.99128652  0.99179908  0.99179908  0.99231164
  0.99231164  0.99282419  0.99333675  0.99333675  0.99384931  0.99384931
  0.99436187  0.99436187  0.99487442  0.99487442  0.99538698  0.99538698
  0.99589954  0.99589954  0.9964121   0.99692465  0.99743721  0.99743721
  0.99794977  0.99794977  0.99846233  0.99846233  0.99897488  0.99897488
  0.99948744  1.          1.        ]
  
  [ 0.53921066  0.53818555  0.53921066  0.53818555  0.53921066  0.53818555
  0.53921066  0.53818555  0.53921066  0.53921066  0.53972322  0.53972322
  0.54074833  0.53818555  0.53972322  0.53972322  0.53972322  0.53972322
  0.53972322  0.53972322  0.5386981   0.53972322  0.5386981   0.53972322
  0.54023578  0.53921066  0.54023578  0.53921066  0.54023578  0.53921066
  0.54023578  0.53921066  0.54023578  0.53921066  0.54023578  0.54074833
  0.54074833  0.53972322  0.54074833  0.53972322  0.54074833  0.53972322
  0.54074833  0.53972322  0.54074833  0.54228601  0.53972322  0.54074833
  0.54228601  0.53972322  0.54074833  0.54228601  0.53972322  0.54126089
  0.54228601  0.53972322  0.54126089  0.54228601  0.54126089  0.54228601
  0.53972322  0.54126089  0.54228601  0.53972322  0.54126089  0.54228601
  0.53972322  0.54126089  0.54228601  0.54126089  0.54126089  0.54126089
  0.54126089  0.54126089  0.54177345  0.54074833  0.54177345  0.54074833
  0.54177345  0.54074833  0.54177345  0.54074833  0.54177345  0.54177345
  0.54228601  0.54228601  0.54228601  0.54228601  0.54228601  0.54074833
  0.54126089  0.54228601  0.5386981   0.53921066  0.53972322  0.54023578
  0.54074833  0.54228601  0.54279856  0.54536135  0.53818555  0.54331112
  0.54382368  0.54433624  0.5448488   0.53818555  0.5386981   0.53921066
  0.53972322  0.54023578  0.54074833  0.54126089  0.54177345  0.54382368
  0.54433624  0.54177345  0.54331112  0.54382368  0.54228601  0.54228601
  0.54331112  0.54228601  0.54331112  0.54228601  0.54331112  0.54228601
  0.54331112  0.54228601  0.54331112  0.54228601  0.54331112  0.54228601
  0.54279856  0.54279856  0.54382368  0.54279856  0.54382368  0.54279856
  0.54382368  0.54279856  0.54382368  0.54279856  0.54279856  0.54279856
  0.54279856  0.54433624  0.54331112  0.54433624  0.54331112  0.54433624
  0.54331112  0.54433624  0.54331112  0.54433624  0.54331112  0.54331112
  0.5448488   0.54331112  0.5448488   0.54331112  0.5448488   0.54382368
  0.5448488   0.54382368  0.5448488   0.54382368  0.54382368  0.54382368
  0.54433624  0.54433624  0.54536135  0.54433624  0.54536135  0.54433624
  0.54536135  0.54433624  0.5448488   0.54587391  0.5448488   0.54587391
  0.5448488   0.54587391  0.5448488   0.54587391  0.5448488   0.54587391
  0.5448488   0.54587391  0.5448488   0.5448488   0.54536135  0.54638647
  0.54536135  0.54638647  0.54536135  0.54638647  0.54536135  0.54638647
  0.54536135  0.54536135  0.54638647]
